43.4427, 16.5723
44.1844, 16.1388
44.1931, 15.5152
43.0628, 14.1697
43.7319, 14.5114
43.4116, 14.4671
43.3278, 14.2003
43.2745, 14.8782
42.7952, 15.1646
42.6803, 16.5388
42.4999, 16.5707
42.0364, 16.2763
40.8741, 16.6968
41.3046, 16.2448
41.1489, 14.6909
40.5902, 16.1299
41.5365, 15.9278
41.2892, 16.128
41.2671, 15.1448
40.5366, 15.1088
41.6923, 14.8682
42.2085, 13.7056
42.2462, 14.7
42.4707, 14.7573
42.5932, 15.5363
42.408, 15.1907
42.8741, 14.5579
43.6176, 13.3113
43.2447, 13.7908
43.4915, 14.3632
43.4521, 12.6742
43.0747, 12.5993
42.7039, 13.6994
43.4681, 16.1166
44.0734, 15.2103
44.4484, 14.6319
45.1836, 14.3569
44.6142, 16.1686
45.1176, 15.2706
45.1472, 13.5681
45.3201, 14.0697
45.7401, 14.2448
45.7022, 14.4512
46.1344, 14.2672
45.0912, 14.0176
45.9705, 15.2709
45.0078, 15.1911
44.7725, 14.095
44.9506, 14.2018
45.1972, 13.7774
44.6604, 13.1668
44.8977, 13.7461
44.0655, 13.5088
43.997, 12.4163
43.9452, 12.9266
43.7807, 11.6398
44.1447, 41.4247
29.2961, 11.2199
29.377, 9.50958
29.8835, 11.1024
32.0038, 13.9671
33.2852, 14.4637
33.2272, 13.524
32.6726, 13.0479
32.9504, 12.5408
34.0391, 18.059
34.417, 25.1418
34.7092, 13.3595
33.7399, 10.9426
32.8373, 10.5055
31.8513, 9.90229
30.8333, 9.65553
30.4726, 9.72972
29.4851, 9.37251
29.1958, 9.51529
28.4878, 9.52768
28.3095, 9.79596
27.7875, 10.4908
27.3481, 10.2921
26.9875, 10.4849
26.7888, 10.9559
27.0799, 11.1636
26.5773, 11.4434
27.0054, 11.8355
27.4004, 13.8294
28.9563, 14.2649
30.7384, 15.3338
31.9607, 16.4471
32.6588, 17.3562
32.76, 18.4334
32.7509, 19.1315
32.6278, 20.2373
32.8622, 20.6927
32.7949, 21.583
32.5019, 21.2027
32.5781, 21.1962
32.4996, 21.2672
32.5271, 21.4593
32.7333, 21.3868
32.2437, 20.8833
31.7846, 21.1064
32.1531, 20.8872
32.0041, 20.5168
32.0933, 20.1126
31.7092, 19.6331
32.0633, 19.3899
31.7135, 19.0246
31.3873, 18.2866
31.3593, 17.8365
31.0964, 17.6691
31.0415, 17.4352
30.5945, 17.3308
30.4469, 17.384
30.0314, 17.2462
29.8154, 87.7255
39.3822, 5.12408
39.7181, 5.07647
39.9202, 21.4005
47.6567, 5.83671
47.1261, 5.94863
47.0258, 6.07712
46.8231, 7.55602
44.4175, 5.85983
44.4438, 5.74598
44.5214, 7.20445
46.1368, 6.444
46.9276, 6.38482
46.7901, 7.10178
46.8778, 20.977
38.9902, 5.3469
39.7054, 5.87706
39.7008, 20.0848
46.6199, 7.00783
45.6404, 18.0002
39.6029, 5.15947
40.2041, 5.30144
39.7269, 5.41399
39.8252, 6.17904
39.5031, 5.96115
39.7274, 5.16375
39.6816, 5.347
39.8676, 5.07728
39.5957, 21.4512
48.0598, 7.1531
46.3476, 6.4839
46.9011, 6.2253
47.2961, 6.33025
47.7724, 6.293
47.7815, 6.3563
48.336, 6.89503
46.8394, 7.61191
45.1846, 9.99774
48.061, 6.99101
48.3499, 8.32114
47.4221, 6.69396
48.7065, 6.04604
48.5068, 6.69309
49.1405, 6.6492
47.8945, 20.635
39.7491, 5.8597
38.9524, 5.33392
39.0962, 5.54988
39.6656, 5.27852
39.7484, 5.81741
40.0257, 5.56564
40.319, 5.43652
40.1836, 5.68649
40.4081, 6.36594
39.7649, 6.06892
40.1971, 6.08698
39.7697, 5.9853
40.1369, 40.7879
20.0981, 5.20722
20.2604, 5.1914
19.8496, 5.47302
20.1237, 5.60055
20.2358, 6.10718
20.2866, 6.01413
19.9147, 6.46345
19.6612, 6.33062
19.2545, 6.82973
19.1649, 6.13898
18.9065, 6.9707
18.8042, 6.25619
18.2497, 6.24002
17.859, 4.49268
17.946, 3.88313
17.8871, 3.63239
18.0102, 3.54019
18.0024, 3.90279
18.6347, 3.83649
18.8225, 3.94471
18.8544, 4.29514
19.1508, 4.75255
19.1505, 4.5341
18.9974, 4.76278
18.9543, 4.99215
19.2443, 5.82643
18.8894, 4.6663
18.6226, 5.73461
18.4079, 5.2927
18.3122, 6.25303
18.2591, 4.69989
17.6435, 5.20606
17.617, 4.15187
17.6727, 3.59295
17.7975, 3.62881
17.7892, 3.83653
17.9502, 3.4032
18.0174, 3.47011
18.0587, 4.0537
18.0903, 3.65277
18.1873, 3.30328
18.1619, 3.22027
17.9551, 3.17539
17.8596, 2.98333
17.7484, 3.48964
17.691, 3.58911
17.3533, 4.34007
17.4893, 4.89553
17.5647, 4.45485
17.4921, 4.10358
17.6152, 3.84247
17.3879, 3.55828
17.4853, 3.53448
17.4537, 3.34181
17.9034, 3.26252
18.1048, 42.9688
19.1152, 19.8221
18.1874, 12.4302
18.8274, 15.7274
18.3945, 16.2112
19.0384, 18.8951
18.1442, 24.0554
18.8318, 15.2194
19.2415, 16.2509
18.5569, 25.4228
18.3138, 22.5508
18.7917, 17.106
18.6694, 13.9152
19.0514, 22.9595
18.7122, 22.8698
19.1151, 14.8316
18.2837, 12.7434
19.321, 15.6576
18.8088, 23.2433
18.9653, 19.8683
19.1728, 18.3542
19.465, 19.162
17.7806, 10.7731
18.4247, 34.3301
18.5667, 34.5205
19.945, 14.9647
21.0132, 5.89103
21.1819, 7.29835
20.9889, 6.29438
21.1578, 5.58497
21.1909, 6.88697
21.3079, 6.67693
20.9361, 11.0752
20.5088, 20.0576
20.1187, 27.6272
19.844, 21.8146
19.8258, 26.1625
19.2972, 26.0325
19.2319, 20.4789
18.3853, 18.0395
17.656, 11.648
17.528, 13.1755
17.1805, 12.5935
17.0093, 6.96169
16.8282, 7.60537
16.8953, 8.69076
16.9356, 7.73691
17.1407, 13.7608
17.0702, 29.5399
17.3334, 34.3144
17.4981, 32.8073
18.6639, 20.6563
20.3471, 6.02583
20.7373, 6.57492
20.5703, 9.68909
20.2883, 33.464
11.7059, 13.475
12.5951, 13.2244
13.3625, 12.8877
12.3822, 13.1465
10.7971, 13.9793
11.7284, 13.9648
13.0911, 12.9804
14.4217, 12.6912
13.9086, 12.5117
13.1925, 12.2388
10.9044, 11.5228
10.0741, 10.4482
9.41187, 9.81716
9.02294, 9.38631
7.6354, 8.71987
7.78599, 9.02541
7.6024, 12.3528
9.33665, 15.8075
13.3186, 16.5047
14.8393, 17.6098
18.3094, 19.761
20.2948, 22.4171
23.136, 23.8427
26.2579, 26.6787
29.0524, 27.6573
30.7037, 28.1627
35.4722, 27.6069
36.2034, 26.7606
36.296, 27.7498
36.0653, 25.4757
35.1502, 26.5386
35.6912, 27.0029
35.7132, 25.7685
35.5189, 27.5131
35.4214, 27.0631
36.1699, 25.6791
37.0574, 25.7291
35.5001, 24.6005
35.8196, 25.3265
32.6122, 28.5051
30.3675, 29.7329
29.9871, 29.937
28.6154, 29.9112
29.2372, 28.3719
31.0153, 26.7376
31.6969, 26.45
30.422, 26.841
30.3555, 26.4392
29.1788, 27.083
28.8252, 27.8442
27.5212, 27.8194
28.4826, 27.2074
25.8561, 27.334
26.9832, 27.625
27.8594, 45.7336
20.2529, 12.2708
21.4143, 10.5832
21.0761, 10.1978
21.3689, 10.3277
20.9394, 11.3794
20.7555, 11.493
20.1115, 12.403
19.213, 13.002
19.0553, 13.8687
18.5113, 14.4405
18.8485, 14.9265
19.3722, 15.4857
19.5017, 16.0143
20.091, 16.4426
20.495, 17.4096
20.4335, 18.2495
19.616, 18.2723
19.4211, 18.1024
19.4459, 16.16
20.2825, 11.851
20.5175, 10.3269
20.6511, 9.74933
21.4261, 9.89486
21.0316, 10.4534
20.9807, 10.4376
20.5416, 10.6382
20.571, 11.5993
20.0808, 12.0828
20.3812, 13.3207
20.0548, 13.422
20.3147, 14.3154
20.633, 15.1634
20.5167, 15.692
21.0106, 17.4538
20.5365, 16.9079
19.3449, 17.2181
19.9716, 15.9595
20.3324, 10.511
20.5729, 9.4466
21.0069, 9.67807
20.6239, 9.62329
20.3384, 11.752
19.5813, 10.8772
19.3906, 12.0462
19.5674, 12.9961
clips\Dillistone-1080p@24_uyvy.yuv, 49.1405, 87.7255
